1 0.475000 0.857031 0.109375 0.120313
1 0.189844 0.840625 0.107813 0.115625
1 0.368750 0.845313 0.103125 0.121875
1 0.078906 0.703906 0.101562 0.101562
1 0.159375 0.585938 0.118750 0.121875
1 0.513281 0.485156 0.114062 0.114062
1 0.627344 0.273438 0.085938 0.103125
1 0.492188 0.294531 0.115625 0.120313
1 0.202344 0.429688 0.120313 0.109375
1 0.198437 0.314063 0.131250 0.118750
1 0.141406 0.160156 0.132812 0.132812
1 0.254688 0.079687 0.078125 0.081250
1 0.305469 0.038281 0.082812 0.073438
1 0.450781 0.064844 0.085938 0.085938
1 0.394531 0.309375 0.107813 0.118750
1 0.312500 0.281250 0.087500 0.112500
1 0.358594 0.414062 0.064062 0.065625
1 0.633594 0.506250 0.092188 0.137500
1 0.130469 0.922656 0.098437 0.089063
1 0.596875 0.789844 0.146875 0.195312
1 0.355469 0.712500 0.076563 0.065625
1 0.080469 0.388281 0.092188 0.089063
1 0.044531 0.289062 0.082812 0.084375
1 0.029687 0.066406 0.056250 0.129688
1 0.164062 0.042969 0.103125 0.082812
1 0.244531 0.578906 0.101562 0.135937
1 0.278906 0.428906 0.079687 0.110937
