1 0.117188 0.857812 0.065625 0.062500
1 0.025001 0.792969 0.046875 0.060937
1 0.085156 0.760938 0.051562 0.071875
1 0.175781 0.932031 0.057813 0.042188
1 0.100781 0.916406 0.051562 0.060937
1 0.203125 0.900001 0.062501 0.037500
1 0.167969 0.765625 0.079687 0.056250
1 0.166406 0.707812 0.117188 0.068750
1 0.296875 0.750781 0.065625 0.045312
1 0.317969 0.698438 0.067187 0.046875
1 0.265625 0.630469 0.059375 0.060937
1 0.324219 0.637501 0.070312 0.068750
1 0.375001 0.648438 0.059375 0.075000
1 0.336719 0.591406 0.089063 0.057813
1 0.319531 0.525001 0.089063 0.075000
1 0.411719 0.471094 0.082812 0.073438
1 0.356251 0.415625 0.109375 0.090625
1 0.218751 0.506251 0.056251 0.043750
1 0.180469 0.558594 0.067187 0.048438
1 0.231251 0.538281 0.056251 0.051562
1 0.039844 0.425001 0.064062 0.071875
1 0.078906 0.317969 0.060937 0.076563
1 0.022656 0.310937 0.042188 0.081250
1 0.222656 0.326562 0.092188 0.093750
1 0.257812 0.446094 0.050001 0.051562
1 0.146875 0.421094 0.053125 0.064062
1 0.135156 0.463281 0.057813 0.051562
1 0.519531 0.510938 0.045312 0.128125
1 0.447656 0.236719 0.085938 0.089063
1 0.506251 0.264844 0.056251 0.117188
1 0.355469 0.144531 0.092188 0.082812
1 0.364063 0.330469 0.075001 0.082812
1 0.284375 0.283594 0.078125 0.095312
1 0.200781 0.449219 0.045312 0.054688
1 0.391406 0.746875 0.054688 0.059375
1 0.203125 0.139844 0.065625 0.054688
1 0.135937 0.171094 0.062501 0.054688
1 0.357031 0.138281 0.095312 0.076563
1 0.364844 0.071094 0.070312 0.057813
1 0.430469 0.043751 0.079687 0.078125
1 0.084375 0.388281 0.053125 0.048438
1 0.252344 0.386719 0.070312 0.073438
1 0.292187 0.355469 0.053125 0.057813
