1 0.257031 0.809375 0.120313 0.128125
1 0.342969 0.754687 0.129688 0.093750
1 0.317188 0.660156 0.118751 0.114062
1 0.450001 0.630469 0.146875 0.126562
1 0.457813 0.846875 0.090625 0.084375
1 0.476562 0.910937 0.128125 0.075000
1 0.571875 0.948438 0.087501 0.078125
1 0.139844 0.946094 0.079687 0.067187
1 0.081251 0.887501 0.081251 0.065625
1 0.070312 0.963281 0.078125 0.067187
1 0.455469 0.515625 0.120313 0.121875
1 0.386719 0.453906 0.089063 0.114062
1 0.412501 0.357031 0.112501 0.107813
1 0.484375 0.264062 0.115625 0.128125
1 0.405469 0.210938 0.107813 0.115625
1 0.210156 0.147656 0.135937 0.114062
1 0.202344 0.046094 0.117188 0.089063
1 0.580469 0.078906 0.117188 0.126562
1 0.499219 0.058594 0.129688 0.085938
1 0.628906 0.428125 0.070312 0.078125
