1 0.458594 0.761719 0.142187 0.139063
1 0.417187 0.938281 0.106251 0.098437
1 0.045312 0.612501 0.087501 0.096875
1 0.256251 0.436719 0.109375 0.117188
1 0.303125 0.571875 0.106251 0.109375
1 0.391406 0.564844 0.098437 0.114062
1 0.359375 0.442188 0.100001 0.125000
1 0.421094 0.453906 0.089063 0.107813
1 0.272656 0.324219 0.101562 0.079687
1 0.165625 0.153125 0.118751 0.131250
1 0.063281 0.113281 0.114062 0.135937
1 0.150781 0.046875 0.198437 0.090625
1 0.164844 0.578906 0.064062 0.073438
1 0.160938 0.682031 0.059375 0.067187
1 0.145313 0.852344 0.059375 0.057813
1 0.166406 0.800781 0.060937 0.070312
1 0.066406 0.651563 0.129688 0.156250
1 0.283594 0.118751 0.098437 0.112500
1 0.365625 0.088281 0.065625 0.098437
1 0.301563 0.028906 0.093751 0.054688
1 0.525001 0.189844 0.084375 0.098437
1 0.251563 0.700001 0.062501 0.065625
1 0.170313 0.446875 0.087501 0.081250
1 0.225781 0.501563 0.085938 0.121875
1 0.361719 0.787501 0.101562 0.131250
