1 0.196094 0.864062 0.104688 0.128125
1 0.368751 0.907813 0.096875 0.096875
1 0.531251 0.772656 0.106251 0.123438
1 0.317188 0.750001 0.096875 0.096875
1 0.532813 0.640625 0.090625 0.103125
1 0.434375 0.717187 0.093751 0.084375
1 0.043751 0.798438 0.084375 0.146875
1 0.054688 0.665625 0.106251 0.115625
1 0.069531 0.559375 0.120313 0.096875
1 0.219531 0.576562 0.092188 0.087500
1 0.462501 0.570312 0.128125 0.112500
1 0.610938 0.610156 0.087501 0.101562
1 0.533594 0.510938 0.114062 0.100000
1 0.539844 0.374219 0.120313 0.123438
1 0.458594 0.405469 0.101562 0.110937
1 0.307031 0.335156 0.076563 0.095312
1 0.226562 0.343751 0.090625 0.093750
1 0.278125 0.408594 0.100001 0.098437
1 0.107031 0.400001 0.085938 0.084375
1 0.191406 0.488281 0.073438 0.079687
1 0.444531 0.229687 0.079687 0.109375
1 0.492188 0.245312 0.106251 0.090625
1 0.291406 0.107813 0.098437 0.093750
1 0.301563 0.188281 0.093751 0.092188
1 0.075781 0.143751 0.089063 0.090625
1 0.164062 0.255469 0.065625 0.089063
1 0.020313 0.130469 0.037501 0.089063
1 0.371875 0.227344 0.062501 0.092188
1 0.205469 0.153125 0.089063 0.090625
