1 0.280469 0.641406 0.176563 0.185938
1 0.364063 0.746875 0.175001 0.153125
1 0.508594 0.797656 0.173437 0.179688
1 0.538281 0.942187 0.154688 0.115625
1 0.267188 0.465625 0.156251 0.153125
1 0.365625 0.369531 0.143751 0.176563
1 0.488281 0.493751 0.164062 0.140625
1 0.604688 0.671094 0.128125 0.176563
1 0.425781 0.220312 0.151562 0.159375
1 0.385937 0.089063 0.153125 0.153125
1 0.264062 0.336719 0.125001 0.132812
1 0.614062 0.426563 0.109375 0.178125
1 0.202344 0.275001 0.139063 0.146875
1 0.468751 0.646094 0.146875 0.151562
1 0.064844 0.142187 0.126562 0.165625
