0 0.071094 0.263281 0.139063 0.229687
0 0.180469 0.827344 0.220312 0.279687
0 0.056250 0.750000 0.103125 0.128125
0 0.341406 0.942187 0.201563 0.115625
0 0.475781 0.919531 0.145313 0.160938
0 0.769531 0.861719 0.173437 0.189062
0 0.689844 0.720313 0.107813 0.128125
0 0.929688 0.851562 0.140625 0.187500
0 0.928125 0.708594 0.143750 0.129688
0 0.507031 0.447656 0.142187 0.145313
0 0.422656 0.568750 0.167187 0.128125
0 0.273438 0.506250 0.125000 0.153125
0 0.373437 0.425000 0.137500 0.162500
0 0.631250 0.325781 0.143750 0.157812
0 0.825000 0.342187 0.131250 0.134375
0 0.726562 0.399219 0.109375 0.139063
0 0.674219 0.518750 0.101562 0.112500
0 0.564844 0.224219 0.120313 0.114062
0 0.655469 0.100781 0.076563 0.095312
0 0.620313 0.036719 0.084375 0.070312
0 0.530469 0.046094 0.067187 0.089063
0 0.407031 0.069531 0.114062 0.120313
0 0.375000 0.163281 0.109375 0.101562
0 0.300000 0.214062 0.109375 0.096875
0 0.230469 0.270313 0.107813 0.109375
0 0.287500 0.350781 0.093750 0.098437
0 0.405469 0.321094 0.117188 0.085938
0 0.271094 0.649219 0.176563 0.160938
