0 0.106250 0.573438 0.178125 0.187500
0 0.271875 0.542969 0.140625 0.148438
0 0.275781 0.623437 0.129688 0.093750
0 0.239063 0.300781 0.231250 0.264062
0 0.435156 0.213281 0.254688 0.242188
0 0.507812 0.124219 0.193750 0.198437
0 0.682031 0.182812 0.173437 0.196875
0 0.564063 0.303906 0.156250 0.135937
0 0.403125 0.396875 0.156250 0.112500
0 0.471094 0.471875 0.148438 0.131250
0 0.513281 0.546875 0.104688 0.071875
0 0.598437 0.480469 0.140625 0.104688
0 0.867969 0.269531 0.132812 0.123438
0 0.962500 0.292969 0.068750 0.135937
0 0.793750 0.048438 0.143750 0.093750
0 0.914062 0.032813 0.096875 0.062500
