0 0.167187 0.207813 0.187500 0.134375
0 0.264062 0.150000 0.075000 0.096875
0 0.424219 0.139844 0.070312 0.126562
0 0.200000 0.451562 0.050000 0.071875
0 0.327344 0.475000 0.054688 0.068750
0 0.125000 0.610156 0.050000 0.070312
0 0.169531 0.630469 0.051562 0.057813
0 0.201563 0.593750 0.059375 0.065625
0 0.292187 0.569531 0.056250 0.051562
0 0.314844 0.540625 0.048438 0.053125
0 0.656250 0.289062 0.125000 0.171875
0 0.780469 0.244531 0.142187 0.142187
0 0.731250 0.376563 0.118750 0.140625
0 0.590625 0.060156 0.050000 0.089063
0 0.639062 0.063281 0.043750 0.070312
