0 0.598437 0.464844 0.109375 0.132812
0 0.475781 0.457813 0.114062 0.128125
0 0.403125 0.390625 0.150000 0.118750
0 0.274219 0.489844 0.142187 0.070312
0 0.110156 0.490625 0.135937 0.071875
0 0.239063 0.291406 0.240625 0.292187
0 0.428906 0.199219 0.251563 0.239063
0 0.575781 0.291406 0.157812 0.160938
0 0.513281 0.110937 0.189062 0.200000
0 0.689844 0.174219 0.179688 0.210938
0 0.791406 0.043750 0.142187 0.084375
0 0.865625 0.258594 0.137500 0.120313
0 0.960938 0.271094 0.075000 0.132812
0 0.914062 0.025781 0.109375 0.048438
