2 0.255469 0.432812 0.398438 0.412500
2 0.446875 0.394531 0.050002 0.048438
2 0.464844 0.338281 0.076563 0.057813
2 0.471875 0.288281 0.056252 0.064062
2 0.425002 0.247656 0.037502 0.051562
2 0.277344 0.042188 0.129688 0.081250
2 0.075002 0.247656 0.056252 0.051562
2 0.163281 0.241406 0.029687 0.032813
2 0.732031 0.154688 0.079687 0.084375
2 0.793752 0.139063 0.056252 0.056250
2 0.848437 0.032031 0.078125 0.060937
2 0.843752 0.361719 0.071875 0.070312
2 0.925002 0.374219 0.056252 0.048438
2 0.539062 0.217188 0.121875 0.078125
2 0.876563 0.411719 0.053125 0.060937
2 0.357812 0.096094 0.065625 0.060937
