2 0.052344 0.053125 0.101562 0.096875
2 0.435156 0.149219 0.201563 0.282813
2 0.603125 0.389062 0.243752 0.212500
2 0.600002 0.572656 0.293752 0.189062
2 0.529687 0.699219 0.234375 0.176563
2 0.447656 0.875002 0.117188 0.121875
2 0.280469 0.789062 0.170313 0.131250
2 0.080469 0.722656 0.129688 0.120313
2 0.099219 0.550002 0.148438 0.106250
2 0.098437 0.607812 0.131252 0.078125
2 0.085156 0.475002 0.167187 0.093750
2 0.092969 0.285156 0.148438 0.142187
2 0.025002 0.222656 0.046875 0.070312
2 0.220312 0.459375 0.134375 0.068750
2 0.267969 0.533594 0.082812 0.073438
