2 0.237502 0.200002 0.109375 0.096875
2 0.202344 0.254688 0.082812 0.071875
2 0.269531 0.267188 0.064062 0.068750
2 0.335938 0.182812 0.093752 0.109375
2 0.425002 0.225781 0.084375 0.110937
2 0.526563 0.269531 0.134375 0.145313
2 0.600002 0.228125 0.093752 0.121875
2 0.593752 0.296094 0.065625 0.067187
2 0.626563 0.388281 0.093752 0.126562
2 0.521875 0.353906 0.071875 0.054688
2 0.433594 0.322656 0.092188 0.076563
2 0.331252 0.336719 0.065625 0.057813
2 0.260156 0.373437 0.082812 0.134375
2 0.181252 0.407031 0.103125 0.139063
2 0.183594 0.485938 0.085938 0.112500
2 0.234375 0.499219 0.081252 0.095312
2 0.277344 0.547656 0.092188 0.082812
2 0.353906 0.575781 0.085938 0.067187
2 0.303906 0.629687 0.076563 0.050000
2 0.437502 0.621875 0.106252 0.068750
2 0.512502 0.633594 0.050002 0.051562
2 0.534375 0.600781 0.087502 0.048438
2 0.428125 0.535937 0.103125 0.090625
2 0.317969 0.485938 0.089063 0.115625
2 0.396875 0.425781 0.071875 0.079687
2 0.333594 0.405469 0.076563 0.089063
2 0.458594 0.412502 0.085938 0.106250
2 0.462502 0.479687 0.106252 0.059375
2 0.481252 0.530469 0.050002 0.073438
2 0.548438 0.499219 0.078125 0.089063
2 0.609375 0.514062 0.090625 0.053125
2 0.596094 0.303125 0.057813 0.075000
2 0.542969 0.264844 0.048438 0.073438
2 0.608594 0.428125 0.060937 0.062500
2 0.535937 0.421094 0.071875 0.089063
